=== RUN   TestServerDemoManagementWrites
S7 s7: sending 03 00 00 16 11 e0 00 00 00 01 00 c0 01 0a c1 02 01 00 c2 02 01 02
S7 s7: received 03 00 00 16 11 d0 00 01 00 01 00 c0 01 0a c1 02 01 00 c2 02 01 02
S7 s7: sending 03 00 00 19 02 f0 80 32 01 00 00 00 01 00 08 00 00 f0 00 00 01 00 01 01 e0
S7 s7: received 03 00 00 1b 02 f0 80 32 03 00 00 00 01 00 08 00 00 00 00 f0 00 00 01 00 01 01 e0
=== RUN   TestServerDemoManagementWrites/SessionPassword
S7 s7: sending 03 00 00 25 02 f0 80 32 07 00 00 00 02 00 08 00 0c 00 01 12 04 11 45 01 00 ff 09 00 08 26 62 07 52 21 73 54 06
S7 s7: received 03 00 00 21 02 f0 80 32 07 00 00 00 02 00 0c 00 04 00 01 12 08 12 85 01 00 00 00 00 00 0a 00 00 00
S7 s7: sending 03 00 00 1d 02 f0 80 32 07 00 00 00 03 00 08 00 04 00 01 12 04 11 45 02 00 0a 00 00 00
S7 s7: received 03 00 00 21 02 f0 80 32 07 00 00 00 03 00 0c 00 04 00 01 12 08 12 85 02 00 00 00 00 00 0a 00 00 00
S7 s7: sending 03 00 00 1d 02 f0 80 32 07 00 00 00 04 00 08 00 04 00 01 12 04 11 45 02 00 0a 00 00 00
S7 s7: received 03 00 00 21 02 f0 80 32 07 00 00 00 04 00 0c 00 04 00 01 12 08 12 85 02 00 00 00 00 00 0a 00 00 00
=== RUN   TestServerDemoManagementWrites/SetClockAcknowledgement
S7 s7: sending 03 00 00 1d 02 f0 80 32 07 00 00 00 05 00 08 00 04 00 01 12 04 11 47 01 00 0a 00 00 00
S7 s7: received 03 00 00 2b 02 f0 80 32 07 00 00 00 05 00 0c 00 0e 00 01 12 08 12 87 01 00 00 00 00 00 ff 09 00 0a 00 20 26 09 30 15 40 32 00 03
S7 s7: sending 03 00 00 27 02 f0 80 32 07 00 00 00 06 00 08 00 0e 00 01 12 04 11 47 02 00 ff 09 00 0a 00 19 26 09 30 15 40 32 00 04
S7 s7: received 03 00 00 21 02 f0 80 32 07 00 00 00 06 00 0c 00 04 00 01 12 08 12 87 02 00 00 00 00 00 0a 00 00 00
S7 s7: sending 03 00 00 1d 02 f0 80 32 07 00 00 00 07 00 08 00 04 00 01 12 04 11 47 01 00 0a 00 00 00
S7 s7: received 03 00 00 2b 02 f0 80 32 07 00 00 00 07 00 0c 00 0e 00 01 12 08 12 87 01 00 00 00 00 00 ff 09 00 0a 00 20 26 09 30 15 40 32 00 03
=== RUN   TestServerDemoManagementWrites/StopHotColdStart
S7 s7: sending 03 00 00 21 02 f0 80 32 07 00 00 00 08 00 08 00 08 00 01 12 04 11 44 01 00 ff 09 00 04 04 24 00 00
S7 s7: received 03 00 00 3d 02 f0 80 32 07 00 00 00 08 00 0c 00 20 00 01 12 08 12 84 01 00 00 00 00 00 ff 09 00 1c 04 24 00 00 00 14 00 01 51 44 ff 08 00 00 00 00 00 00 00 00 26 09 30 15 40 32 00 03
S7 s7: sending 03 00 00 21 02 f0 80 32 01 00 00 00 09 00 10 00 00 29 00 00 00 00 00 09 50 5f 50 52 4f 47 52 41 4d
S7 s7: received 03 00 00 14 02 f0 80 32 03 00 00 00 09 00 01 00 00 00 00 29
S7 s7: sending 03 00 00 21 02 f0 80 32 07 00 00 00 0a 00 08 00 08 00 01 12 04 11 44 01 00 ff 09 00 04 04 24 00 00
S7 s7: received 03 00 00 3d 02 f0 80 32 07 00 00 00 0a 00 0c 00 20 00 01 12 08 12 84 01 00 00 00 00 00 ff 09 00 1c 04 24 00 00 00 14 00 01 51 44 ff 04 00 00 00 00 00 00 00 00 26 09 30 15 40 32 00 03
S7 s7: sending 03 00 00 25 02 f0 80 32 01 00 00 00 0b 00 14 00 00 28 00 00 00 00 00 00 fd 00 00 09 50 5f 50 52 4f 47 52 41 4d
S7 s7: received 03 00 00 14 02 f0 80 32 03 00 00 00 0b 00 01 00 00 00 00 28
S7 s7: sending 03 00 00 21 02 f0 80 32 07 00 00 00 0c 00 08 00 08 00 01 12 04 11 44 01 00 ff 09 00 04 04 24 00 00
S7 s7: received 03 00 00 3d 02 f0 80 32 07 00 00 00 0c 00 0c 00 20 00 01 12 08 12 84 01 00 00 00 00 00 ff 09 00 1c 04 24 00 00 00 14 00 01 51 44 ff 08 00 00 00 00 00 00 00 00 26 09 30 15 40 32 00 03
S7 s7: sending 03 00 00 21 02 f0 80 32 01 00 00 00 0d 00 10 00 00 29 00 00 00 00 00 09 50 5f 50 52 4f 47 52 41 4d
S7 s7: received 03 00 00 14 02 f0 80 32 03 00 00 00 0d 00 01 00 00 00 00 29
S7 s7: sending 03 00 00 21 02 f0 80 32 07 00 00 00 0e 00 08 00 08 00 01 12 04 11 44 01 00 ff 09 00 04 04 24 00 00
S7 s7: received 03 00 00 3d 02 f0 80 32 07 00 00 00 0e 00 0c 00 20 00 01 12 08 12 84 01 00 00 00 00 00 ff 09 00 1c 04 24 00 00 00 14 00 01 51 44 ff 04 00 00 00 00 00 00 00 00 26 09 30 15 40 32 00 03
S7 s7: sending 03 00 00 27 02 f0 80 32 01 00 00 00 0f 00 16 00 00 28 00 00 00 00 00 00 fd 00 02 43 20 09 50 5f 50 52 4f 47 52 41 4d
S7 s7: received 03 00 00 14 02 f0 80 32 03 00 00 00 0f 00 01 00 00 00 00 28
S7 s7: sending 03 00 00 21 02 f0 80 32 07 00 00 00 10 00 08 00 08 00 01 12 04 11 44 01 00 ff 09 00 04 04 24 00 00
S7 s7: received 03 00 00 3d 02 f0 80 32 07 00 00 00 10 00 0c 00 20 00 01 12 08 12 84 01 00 00 00 00 00 ff 09 00 1c 04 24 00 00 00 14 00 01 51 44 ff 08 00 00 00 00 00 00 00 00 26 09 30 15 40 32 00 03
S7 s7: sending 03 00 00 16 11 e0 00 00 00 01 00 c0 01 0a c1 02 01 00 c2 02 01 02
S7 s7: received 03 00 00 16 11 d0 00 01 00 01 00 c0 01 0a c1 02 01 00 c2 02 01 02
S7 s7: sending 03 00 00 19 02 f0 80 32 01 00 00 00 01 00 08 00 00 f0 00 00 01 00 01 01 e0
S7 s7: received 03 00 00 1b 02 f0 80 32 03 00 00 00 01 00 08 00 00 00 00 f0 00 00 01 00 01 01 e0
S7 s7: sending 03 00 00 21 02 f0 80 32 07 00 00 00 02 00 08 00 08 00 01 12 04 11 44 01 00 ff 09 00 04 04 24 00 00
S7 s7: received 03 00 00 3d 02 f0 80 32 07 00 00 00 02 00 0c 00 20 00 01 12 08 12 84 01 00 00 00 00 00 ff 09 00 1c 04 24 00 00 00 14 00 01 51 44 ff 08 00 00 00 00 00 00 00 00 26 09 30 15 40 32 00 03
S7 s7: sending 03 00 00 21 02 f0 80 32 07 00 00 00 03 00 08 00 08 00 01 12 04 11 44 01 00 ff 09 00 04 04 24 00 00
S7 s7: received 03 00 00 3d 02 f0 80 32 07 00 00 00 03 00 0c 00 20 00 01 12 08 12 84 01 00 00 00 00 00 ff 09 00 1c 04 24 00 00 00 14 00 01 51 44 ff 08 00 00 00 00 00 00 00 00 26 09 30 15 40 32 00 03
--- PASS: TestServerDemoManagementWrites (0.00s)
    --- PASS: TestServerDemoManagementWrites/SessionPassword (0.00s)
    --- PASS: TestServerDemoManagementWrites/SetClockAcknowledgement (0.00s)
    --- PASS: TestServerDemoManagementWrites/StopHotColdStart (0.00s)
PASS
ok  	github.com/edgexfoundry/device-s7/doc/review/serverdemo	0.345s
